81 267
81 267
82 267
76 267
74 267
77 267
74 267
74 269
75 276
82 292
82 295
80 291
77 301
83 303
81 299
77 298
76 295
82 293
87 291
97 291
90 291
86 291
85 291
90 291
83 291
83 291
89 291
87 291
95 291
94 291
102 291
111 294
101 300
101 305
99 309
101 310
106 306
101 303
103 305
125 306
118 307
119 307
113 308
111 308
108 308
101 308
94 308
91 308
97 308
91 308
85 308
88 308
92 308
100 308
93 308
103 308
101 305
102 302
104 302
93 303
129 309
125 309
117 308
109 307
105 305
114 306
120 304
107 304
105 304
111 304
121 304
122 304
122 304
116 304
111 304
108 304
115 304
121 304
112 304
103 301
97 299
94 299
97 304
99 309
106 313
125 318
137 322
146 324
155 319
130 322
116 324
108 324
108 324
103 324
112 324
111 324
120 324
124 324
133 324
141 324
157 324
156 324
130 322
114 320
107 312
99 297
95 288
87 263
95 235
105 229
124 221
157 221
189 224
164 224
164 224
139 224
136 224
130 224
97 224
94 224
